0.000 0.000 0.500
-0.074 0.000 0.500
-0.148 0.000 0.500
-0.223 0.000 0.500
-0.297 0.000 0.500
-0.371 0.000 0.500
-0.445 0.001 0.500
-0.519 0.001 0.500
-0.593 0.001 0.500
-0.668 0.002 0.500
-0.742 0.002 0.500
-0.816 0.003 0.500
-0.890 0.004 0.500
-0.964 0.005 0.500
-1.039 0.007 0.500
-1.113 0.008 0.500
-1.187 0.010 0.500
-1.261 0.012 0.500
-1.335 0.014 0.500
-1.409 0.017 0.500
-1.483 0.019 0.500
-1.558 0.022 0.500
-1.632 0.026 0.500
-1.706 0.029 0.500
-1.780 0.033 0.500
-1.854 0.038 0.500
-1.928 0.042 0.500
-2.002 0.047 0.500
-2.076 0.053 0.500
-2.150 0.059 0.500
-2.224 0.065 0.500
-2.298 0.072 0.500
-2.372 0.079 0.500
-2.445 0.086 0.500
-2.519 0.095 0.500
-2.593 0.103 0.500
-2.666 0.112 0.500
-2.740 0.122 0.500
-2.813 0.132 0.500
-2.887 0.143 0.500
-2.960 0.154 0.500
-3.033 0.166 0.500
-3.107 0.178 0.500
-3.180 0.191 0.500
-3.253 0.205 0.500
-3.325 0.219 0.500
-3.398 0.234 0.500
-3.471 0.249 0.500
-3.543 0.265 0.500
-3.615 0.282 0.500
-3.687 0.300 0.500
-3.759 0.318 0.500
-3.831 0.337 0.500
-3.902 0.357 0.500
-3.974 0.377 0.500
-4.045 0.398 0.500
-4.116 0.420 0.500
-4.186 0.443 0.500
-4.257 0.466 0.500
-4.327 0.491 0.500
-4.397 0.516 0.500
-4.466 0.542 0.500
-4.535 0.568 0.500
-4.604 0.596 0.500
-4.673 0.624 0.500
-4.741 0.653 0.500
-4.809 0.684 0.500
-4.876 0.714 0.500
-4.943 0.746 0.500
-5.010 0.779 0.500
-5.076 0.813 0.500
-5.142 0.847 0.500
-5.207 0.883 0.500
-5.271 0.919 0.500
-5.336 0.956 0.500
-5.399 0.994 0.500
-5.462 1.034 0.500
-5.525 1.074 0.500
-5.586 1.114 0.500
-5.648 1.156 0.500
-5.708 1.199 0.500
-5.768 1.243 0.500
-5.827 1.288 0.500
-5.886 1.333 0.500
-5.944 1.380 0.500
-6.001 1.427 0.500
-6.057 1.476 0.500
-6.112 1.525 0.500
-6.167 1.576 0.500
-6.220 1.627 0.500
-6.273 1.679 0.500
-6.325 1.732 0.500
-6.376 1.786 0.500
-6.425 1.841 0.500
-6.474 1.897 0.500
-6.522 1.954 0.500
-6.569 2.011 0.500
-6.615 2.070 0.500
-6.659 2.129 0.500
-6.703 2.189 0.500
-6.745 2.250 0.500
-6.786 2.312 0.500
-6.826 2.374 0.500
-6.865 2.438 0.500
-6.902 2.502 0.500
-6.938 2.567 0.500
-6.973 2.632 0.500
-7.006 2.698 0.500
-7.038 2.765 0.500
-7.069 2.833 0.500
-7.098 2.901 0.500
-7.125 2.970 0.500
-7.151 3.039 0.500
-7.176 3.109 0.500
-7.199 3.180 0.500
-7.221 3.251 0.500
-7.240 3.322 0.500
-7.259 3.394 0.500
-7.275 3.467 0.500
-7.290 3.539 0.500
-7.304 3.612 0.500
-7.315 3.685 0.500
-7.325 3.759 0.500
-7.333 3.833 0.500
-7.339 3.907 0.500
-7.344 3.981 0.500
-7.347 4.055 0.500
-7.348 4.129 0.500
-7.348 4.129 0.500
-7.347 4.203 0.500
-7.344 4.277 0.500
-7.339 4.351 0.500
-7.333 4.425 0.500
-7.325 4.499 0.500
-7.315 4.573 0.500
-7.304 4.646 0.500
-7.290 4.719 0.500
-7.275 4.791 0.500
-7.259 4.864 0.500
-7.240 4.936 0.500
-7.221 5.007 0.500
-7.199 5.078 0.500
-7.176 5.149 0.500
-7.151 5.219 0.500
-7.125 5.288 0.500
-7.098 5.357 0.500
-7.069 5.425 0.500
-7.038 5.493 0.500
-7.006 5.560 0.500
-6.973 5.626 0.500
-6.938 5.691 0.500
-6.902 5.756 0.500
-6.865 5.820 0.500
-6.826 5.884 0.500
-6.786 5.946 0.500
-6.745 6.008 0.500
-6.703 6.069 0.500
-6.659 6.129 0.500
-6.615 6.188 0.500
-6.569 6.247 0.500
-6.522 6.304 0.500
-6.474 6.361 0.500
-6.425 6.417 0.500
-6.376 6.472 0.500
-6.325 6.526 0.500
-6.273 6.579 0.500
-6.220 6.631 0.500
-6.167 6.682 0.500
-6.112 6.733 0.500
-6.057 6.782 0.500
-6.001 6.831 0.500
-5.944 6.878 0.500
-5.886 6.925 0.500
-5.827 6.970 0.500
-5.768 7.015 0.500
-5.708 7.059 0.500
-5.648 7.102 0.500
-5.586 7.144 0.500
-5.525 7.184 0.500
-5.462 7.224 0.500
-5.399 7.264 0.500
-5.336 7.302 0.500
-5.271 7.339 0.500
-5.207 7.375 0.500
-5.142 7.411 0.500
-5.076 7.445 0.500
-5.010 7.479 0.500
-4.943 7.512 0.500
-4.876 7.544 0.500
-4.809 7.574 0.500
-4.741 7.605 0.500
-4.673 7.634 0.500
-4.604 7.662 0.500
-4.535 7.690 0.500
-4.466 7.716 0.500
-4.397 7.742 0.500
-4.327 7.767 0.500
-4.257 7.792 0.500
-4.186 7.815 0.500
-4.116 7.838 0.500
-4.045 7.860 0.500
-3.974 7.881 0.500
-3.902 7.901 0.500
-3.831 7.921 0.500
-3.759 7.940 0.500
-3.687 7.958 0.500
-3.615 7.976 0.500
-3.543 7.993 0.500
-3.471 8.009 0.500
-3.398 8.024 0.500
-3.325 8.039 0.500
-3.253 8.053 0.500
-3.180 8.067 0.500
-3.107 8.080 0.500
-3.033 8.092 0.500
-2.960 8.104 0.500
-2.887 8.115 0.500
-2.813 8.126 0.500
-2.740 8.136 0.500
-2.666 8.146 0.500
-2.593 8.155 0.500
-2.519 8.163 0.500
-2.445 8.172 0.500
-2.372 8.179 0.500
-2.298 8.186 0.500
-2.224 8.193 0.500
-2.150 8.199 0.500
-2.076 8.205 0.500
-2.002 8.211 0.500
-1.928 8.216 0.500
-1.854 8.220 0.500
-1.780 8.225 0.500
-1.706 8.229 0.500
-1.632 8.232 0.500
-1.558 8.236 0.500
-1.483 8.239 0.500
-1.409 8.241 0.500
-1.335 8.244 0.500
-1.261 8.246 0.500
-1.187 8.248 0.500
-1.113 8.250 0.500
-1.039 8.251 0.500
-0.964 8.253 0.500
-0.890 8.254 0.500
-0.816 8.255 0.500
-0.742 8.256 0.500
-0.668 8.256 0.500
-0.593 8.257 0.500
-0.519 8.257 0.500
-0.445 8.257 0.500
-0.371 8.258 0.500
-0.297 8.258 0.500
-0.223 8.258 0.500
-0.148 8.258 0.500
-0.074 8.258 0.500
0.000 8.258 0.500