0.000 0.000 0.500
-0.072 0.000 0.500
-0.144 0.000 0.500
-0.216 0.000 0.500
-0.287 0.000 0.500
-0.359 0.000 0.500
-0.431 0.001 0.500
-0.503 0.001 0.500
-0.575 0.001 0.500
-0.647 0.002 0.500
-0.719 0.002 0.500
-0.791 0.003 0.500
-0.862 0.004 0.500
-0.934 0.005 0.500
-1.006 0.006 0.500
-1.078 0.008 0.500
-1.150 0.010 0.500
-1.222 0.011 0.500
-1.293 0.014 0.500
-1.365 0.016 0.500
-1.437 0.019 0.500
-1.509 0.022 0.500
-1.581 0.025 0.500
-1.652 0.028 0.500
-1.724 0.032 0.500
-1.796 0.036 0.500
-1.868 0.041 0.500
-1.939 0.046 0.500
-2.011 0.051 0.500
-2.083 0.057 0.500
-2.154 0.063 0.500
-2.226 0.069 0.500
-2.297 0.076 0.500
-2.369 0.084 0.500
-2.440 0.092 0.500
-2.512 0.100 0.500
-2.583 0.109 0.500
-2.654 0.118 0.500
-2.726 0.128 0.500
-2.797 0.138 0.500
-2.868 0.149 0.500
-2.939 0.160 0.500
-3.009 0.172 0.500
-3.080 0.185 0.500
-3.151 0.198 0.500
-3.221 0.212 0.500
-3.292 0.226 0.500
-3.362 0.241 0.500
-3.432 0.257 0.500
-3.502 0.273 0.500
-3.572 0.290 0.500
-3.642 0.308 0.500
-3.711 0.326 0.500
-3.781 0.345 0.500
-3.850 0.365 0.500
-3.918 0.386 0.500
-3.987 0.407 0.500
-4.056 0.429 0.500
-4.124 0.452 0.500
-4.192 0.475 0.500
-4.259 0.500 0.500
-4.327 0.525 0.500
-4.394 0.550 0.500
-4.460 0.577 0.500
-4.527 0.605 0.500
-4.593 0.633 0.500
-4.659 0.662 0.500
-4.724 0.692 0.500
-4.789 0.723 0.500
-4.853 0.755 0.500
-4.917 0.787 0.500
-4.981 0.821 0.500
-5.044 0.855 0.500
-5.107 0.890 0.500
-5.169 0.926 0.500
-5.230 0.963 0.500
-5.292 1.001 0.500
-5.352 1.040 0.500
-5.412 1.080 0.500
-5.471 1.120 0.500
-5.530 1.162 0.500
-5.588 1.204 0.500
-5.645 1.247 0.500
-5.702 1.292 0.500
-5.758 1.337 0.500
-5.813 1.383 0.500
-5.867 1.430 0.500
-5.921 1.478 0.500
-5.974 1.526 0.500
-6.026 1.576 0.500
-6.077 1.627 0.500
-6.127 1.678 0.500
-6.176 1.730 0.500
-6.225 1.784 0.500
-6.272 1.838 0.500
-6.318 1.893 0.500
-6.364 1.948 0.500
-6.408 2.005 0.500
-6.451 2.062 0.500
-6.493 2.121 0.500
-6.534 2.180 0.500
-6.574 2.239 0.500
-6.613 2.300 0.500
-6.650 2.361 0.500
-6.686 2.424 0.500
-6.721 2.486 0.500
-6.755 2.550 0.500
-6.787 2.614 0.500
-6.818 2.679 0.500
-6.848 2.744 0.500
-6.876 2.811 0.500
-6.903 2.877 0.500
-6.928 2.944 0.500
-6.952 3.012 0.500
-6.974 3.081 0.500
-6.995 3.149 0.500
-7.014 3.219 0.500
-7.032 3.288 0.500
-7.048 3.358 0.500
-7.063 3.429 0.500
-7.075 3.499 0.500
-7.087 3.570 0.500
-7.096 3.642 0.500
-7.104 3.713 0.500
-7.110 3.785 0.500
-7.115 3.856 0.500
-7.117 3.928 0.500
-7.118 4.000 0.500
-7.118 4.000 0.500
-7.117 4.072 0.500
-7.115 4.144 0.500
-7.110 4.215 0.500
-7.104 4.287 0.500
-7.096 4.358 0.500
-7.087 4.430 0.500
-7.075 4.501 0.500
-7.063 4.571 0.500
-7.048 4.642 0.500
-7.032 4.712 0.500
-7.014 4.781 0.500
-6.995 4.851 0.500
-6.974 4.919 0.500
-6.952 4.988 0.500
-6.928 5.056 0.500
-6.903 5.123 0.500
-6.876 5.189 0.500
-6.848 5.256 0.500
-6.818 5.321 0.500
-6.787 5.386 0.500
-6.755 5.450 0.500
-6.721 5.514 0.500
-6.686 5.576 0.500
-6.650 5.639 0.500
-6.613 5.700 0.500
-6.574 5.761 0.500
-6.534 5.820 0.500
-6.493 5.879 0.500
-6.451 5.938 0.500
-6.408 5.995 0.500
-6.364 6.052 0.500
-6.318 6.107 0.500
-6.272 6.162 0.500
-6.225 6.216 0.500
-6.176 6.270 0.500
-6.127 6.322 0.500
-6.077 6.373 0.500
-6.026 6.424 0.500
-5.974 6.474 0.500
-5.921 6.522 0.500
-5.867 6.570 0.500
-5.813 6.617 0.500
-5.758 6.663 0.500
-5.702 6.708 0.500
-5.645 6.753 0.500
-5.588 6.796 0.500
-5.530 6.838 0.500
-5.471 6.880 0.500
-5.412 6.920 0.500
-5.352 6.960 0.500
-5.292 6.999 0.500
-5.230 7.037 0.500
-5.169 7.074 0.500
-5.107 7.110 0.500
-5.044 7.145 0.500
-4.981 7.179 0.500
-4.917 7.213 0.500
-4.853 7.245 0.500
-4.789 7.277 0.500
-4.724 7.308 0.500
-4.659 7.338 0.500
-4.593 7.367 0.500
-4.527 7.395 0.500
-4.460 7.423 0.500
-4.394 7.450 0.500
-4.327 7.475 0.500
-4.259 7.500 0.500
-4.192 7.525 0.500
-4.124 7.548 0.500
-4.056 7.571 0.500
-3.987 7.593 0.500
-3.918 7.614 0.500
-3.850 7.635 0.500
-3.781 7.655 0.500
-3.711 7.674 0.500
-3.642 7.692 0.500
-3.572 7.710 0.500
-3.502 7.727 0.500
-3.432 7.743 0.500
-3.362 7.759 0.500
-3.292 7.774 0.500
-3.221 7.788 0.500
-3.151 7.802 0.500
-3.080 7.815 0.500
-3.009 7.828 0.500
-2.939 7.840 0.500
-2.868 7.851 0.500
-2.797 7.862 0.500
-2.726 7.872 0.500
-2.654 7.882 0.500
-2.583 7.891 0.500
-2.512 7.900 0.500
-2.440 7.908 0.500
-2.369 7.916 0.500
-2.297 7.924 0.500
-2.226 7.931 0.500
-2.154 7.937 0.500
-2.083 7.943 0.500
-2.011 7.949 0.500
-1.939 7.954 0.500
-1.868 7.959 0.500
-1.796 7.964 0.500
-1.724 7.968 0.500
-1.652 7.972 0.500
-1.581 7.975 0.500
-1.509 7.978 0.500
-1.437 7.981 0.500
-1.365 7.984 0.500
-1.293 7.986 0.500
-1.222 7.989 0.500
-1.150 7.990 0.500
-1.078 7.992 0.500
-1.006 7.994 0.500
-0.934 7.995 0.500
-0.862 7.996 0.500
-0.791 7.997 0.500
-0.719 7.998 0.500
-0.647 7.998 0.500
-0.575 7.999 0.500
-0.503 7.999 0.500
-0.431 7.999 0.500
-0.359 8.000 0.500
-0.287 8.000 0.500
-0.216 8.000 0.500
-0.144 8.000 0.500
-0.072 8.000 0.500
0.000 8.000 0.500